0.0
0.0
0.0
4.894736842105263
56.38666666666666
102.26666666666667
135.88
201.0655737704918
263.21153846153845
355.4651162790698
422.2368421052632
458.94444444444446
519.8181818181819
520.2121212121212
538.3333333333334
602.6551724137931
643.2142857142857
613.9666666666667
691.074074074074
766.8333333333334
710.24
743.04
772.52
817.5454545454545
752.36
864.4545454545455
881.3809523809524
852.2727272727273
919.4285714285714
931.1428571428571
972.6842105263158
1012.6315789473684
1040.0526315789473
991.35
1036.2777777777778
1017.55
1032.111111111111
1011.6
1083.5555555555557
1106.4705882352941
1084.7222222222222
964.4
1097.5555555555557
1161.7058823529412
1152.4705882352941
1052.4736842105262
1214.0
1221.0
1234.6875
1195.1764705882354
1026.842105263158
1085.0
1327.6
1228.625
1377.5333333333333
1310.6666666666667
1317.0
1350.8
1368.2666666666667
1273.4
1296.375
1331.8
1458.9285714285713
1302.25
1353.5333333333333
1490.7857142857142
1515.076923076923
1508.7142857142858
1583.5384615384614
1496.7857142857142
1477.1538461538462
1468.0
1527.5714285714287
1660.0
1820.7272727272727
1778.25
2074.4545454545455
1603.2307692307693
1627.076923076923
1844.3333333333333
1648.5
1985.0833333333333
1784.8181818181818
1958.3636363636363
2037.5454545454545
1962.0
1956.090909090909
2012.4166666666667
2041.4545454545455
2307.0
2030.2
2262.5454545454545
1949.8181818181818
2274.5
1899.9
1923.5454545454545
2475.5
2324.2
2590.9
2484.5
2315.1111111111113
2714.5555555555557
3488.6666666666665
3456.25
3294.625
2127.1
2185.7
2652.4444444444443
3417.375
2348.1
3032.1111111111113
2896.5
2681.9
3920.4285714285716
2103.1
2862.4444444444443
3041.4444444444443
2538.777777777778
2686.3
2398.777777777778
2868.6666666666665
3709.75
2151.6666666666665
3009.777777777778
2370.1111111111113
2825.1111111111113
3064.0
3569.75
2923.0
2804.8888888888887
3963.0
2587.1111111111113
2532.8888888888887
2935.0
4025.4285714285716
3267.125
4030.0
3470.0
3017.5555555555557
3503.25
3272.75
3058.4444444444443
2761.8888888888887
3465.5
3210.375
3388.375
3796.25
2683.222222222222
2793.0
3103.8888888888887
3142.375
4181.25
2945.625
3340.375
2951.1111111111113
3263.5555555555557
3358.5
4192.428571428572
3486.375
2726.875
3391.5
3946.0
3391.75
4025.625
4046.285714285714
3583.375
3229.625
2805.3333333333335
3329.75
3340.875
2991.25
2700.0
3307.25
4631.166666666667
3810.625
2947.0
2605.3333333333335
3478.375
3239.75
4628.714285714285
3094.3333333333335
3355.625
3319.625
3805.125
3760.8571428571427
4012.8571428571427
5098.714285714285
4204.0
4660.333333333333
3303.3333333333335
3241.0
3094.4444444444443
3134.625
3103.6666666666665
3948.285714285714
3944.375
4164.714285714285
3969.125
4530.833333333333
3310.777777777778
2874.0
3389.5
3406.4444444444443
2999.8888888888887
3623.0
4025.875
3361.125
4341.5
4572.142857142857
3975.375
3528.0
3409.3333333333335
4150.166666666667
2572.7
2795.222222222222
3501.0
4092.5714285714284
4574.857142857143
4108.142857142857
4183.285714285715
3284.0
4018.0
4164.571428571428
3849.1428571428573
2771.2
4028.285714285714
3729.875
3593.8571428571427
3568.5
4568.285714285715
3487.875
4065.1428571428573
3590.125
4099.857142857143
3538.714285714286
4291.571428571428
4648.0
4309.0
3066.375
